Statistics:
Count: 12767
Mean: 247467395499714904064.0000000
Median: 2.4664097307429e+20
Mode: 1.57638329490099e+20
Standard Deviation:  144605647009847033856.0000000
Variance:  20910793147136483762414542324695312629760.0000000
Time Elapsed: 0.015628 seconds
